11111111111111111111111111111111111111111111111111111111111111111111111111111111111111111111111111111111111111111111111111111111
11111111111111111111111111111111111111111111111111111111111111111111111111111111111111111111111111111111111111111111111111111111
11110000111111100001111111110011111111111111111111111111111111111111111111111111111111111111111111111111111111111111111111111111
11100000011111000000111111100011111111111111111111111111111111111111111111111111111111111111111111111111111111111111111111111111
11100111001111001100111111100011111111111111111111111111111111111111111111111111111111111111111111111111111111111111111111111111
11001111001110011110011111000011111111111111111111111111111111111111111111111111111111111111111111111111111111111111111111111111
11001111111110011110011111000011111111111111111111111111111111111111111111111111111111111011111111111111111111111111111111111111
11000111111110011110011111010011111111111111111111111111111111111111111111111111111111110011111111111111111111111111111111111111
11100000111110010010011110010011111111111111111111110001111000111010011110010111111111101011111111111111111111111111111111111111
11110000011110010010011110010011111111111111111111101110110111011001101101100111111111101011111111111111111111111111111111111111
11111110001110011110011100110011111111111111111111110011110111011011101101110111111111011011111111111111111111111111111111111111
11111111001110011110011100000000111111111111111111111101110111011011101101110111111111000001111111111111111111111111111111111111
11001111001110011110011100000000111111111111111111101110110111011011101101100111111111111011111111111111111111111111111111111111
11100111001111001100111111110011111111111111111111110001111000111011101110010111111111111011111111111111111111111111111111111111
11100000011111000000111111110011111111111111111111111111111111111111111111110111111111111111111111111111111111111111111111111111
11110000111111100001111111110011111111111111111111111111111111111111111100001111111111111111111111111111111111111111111111111111
11111111111111111111111111111111111111111111111111111111111111111111111111111111111111111111111111111111111111111111111111111111
11111111111111111111111111111111111111111111111111111111111111111111111111111111111111111111111111111111111111111111111111111111
11111111111111111111111111111111111111111111111111111111111111111111111111111111111111111111111111111111111111111111111111111111
11111111111111111111111111111111111111111111111111111111111111111111111111111111111111111111111111111111111111111111111111111111
00000000000000000000000000000000000000000000000000000000000000000000000000000000000000000000000000000000000000000000000000000000
00000000000000000000000000000000000000000000000000000000000000000000000000000000000000000000000000000000000000000000000000000000
00000000000000000000000000000000000000000000000000000000000000000000000000000000000000000000000000000000000000000000000000000000
00000000000000000000000000000000000000000000000000000000000000000000000000000000000000000000000000000000000000000000000000000000
00000000000000000000000000000000000000000000000000000000000000000000000000000000000000000000000000000000000000000000000000000000
00000011110001111100011100000000000111100010000000010000100010000000111000111110001110001111000000010001001000100111000001110000
00000010001001000000100010000000000100010010000000101000100010000001000100001000010001001000100000010001001100100100100010001000
00000010001001000000100000000000000100010010000000101000010100000001000000001000010001001000100000010001001100100100010010001000
00000010001001111100100000000000000100010010000000101000010100000000110000001000010001001000100000010001001010100100010010001000
00000011110001000000100000000000000111100010000000101000001000000000001000001000010001001111000000010001001010100100010010001000
00000010010001000000100000000000000100000010000001111100001000000000000100001000010001001000000000010001001001100100010010001000
00000010010001000000100010000000000100000010000001000100001000000001000100001000010001001000000000010001001001100100100010001000
00000010001001111100011100000000000100000011111001000100001000000000111000001000001110001000000000001110001000100111000001110000
00000000000000000000000000000000000000000000000000000000000000000000000000000000000000000000000000000000000000000000000000000000
00000000000000000000000000000000000000000000000000000000000000000000000000000000000000000000000000000000000000000000000000000000
00000000000000000000000000000000000000000000000000000000000000000000000000000000000000000000000000000000000000000000000000000000
00000000000000000000000000000000000000000000000000000000000000000000000000000000000000000000000000000000000000000000000000000000
00000000000000000000000000000000000000000000000000000000000000000000000000000000000000000000000000000000000000000000000000000000
00000000000000000000000000000000000000000000000000000000000000000000000000000000000000000000000000000000000000000000000000000000
00000000000000000000000000000000000000000000000000000000000000000000000000000000000000000000000000000000000000000000000000000000
00000000000000000000000000000000000000000000000000000000000000000000000000000000000000000000000000000000000000000000000000000000
00000000000000000000000000000000000000000000000000000000000000000000000000000000000000000000000000000000000000000000000000000000
00000000000000000000000000000000000000000000000000000000000000000000000000000000000000000000000000000000000000000000000000000000
00000000000000000000000000000000000000000000000000000000000000000000000000000000000000000000000000000000000000000000000000000000
00000000000000000000000000000000000000000000000000000000000000000000000000000000000000000000000000000000000000000000000000000000
00000000000000000000000000000000000000000000000000000000000000000000000000000000000000000000000000000000000000000000000000000000
00000000000000000000000000000000000000000000000000000000000000000000000000000000000000000000000000000000000000000000000000000000
00010001000111000100010011111000000111100011110001111100100010000001000100111110010001001111100000000011111000010000111100000000
00010001001000100110110010000000000100010010001001000000100010000001100100100000001010000010000000000000100000101000100010000000
00010001001000100110110010000000000100010010001001000000100010000001100100100000001010000010000000000000100000101000100010000000
00011111001000100101010011111000000100010010001001111100010100000001010100111110000100000010000000000000100000101000100010000000
00010001001000100100010010000000000111100011110001000000010100000001010100100000000100000010000000000000100000101000111100000000
00010001001000100100010010000000000100000010010001000000010100000001001100100000001010000010000000000000100001111100100000000000
00010001001000100100010010000000000100000010010001000000001000000001001100100000001010000010000000000000100001000100100000000000
00010001000111000100010011111000000100000010001001111100001000000001000100111110010001000010000000000000100001000100100000000000
00000000000000000000000000000000000000000000000000000000000000000000000000000000000000000000000000000000000000000000000000000000
00000000000000000000000000000000000000000000000000000000000000000000000000000000000000000000000000000000000000000000000000000000
00000000000000000000000000000000000000000000000000000000000000000000000000000000000000000000000000000000000000000000000000000000
00000000000000000000000000000000000000000000000000000000000000000000000000000000000000000000000000000000000000000000000000000000
00000000000000000000000000000000000000000000000000000000000000000000000000000000000000000000000000000000000000000000000000000000
00000000000000000000000000000000000000000000000000000000000000000000000000000000000000000000000000000000000000000000000000000000
00000000000000000000000000000000000000000000000000000000000000000000000000000000000000000000000000000000000000000000000000000000
00000000000000000000000000000000000000000000000000000000000000000000000000000000000000000000000000000000000000000000000000000000
00000000000000000000000000000000000000000000000000000000000000000000000000000000000000000000000000000000000000000000000000000000
