00000000000000000000000000000000000000000000000000000000000000000000000000000000000000000000000000000000000000000000000000000000
00011110000000111100000000011000000000000000000000000000000000000000000000000000000000000000000000000000000000000000000000000000
00111111000001111110000000111000000000000000000000000000000000000000000000000000000000000000000000000000000000000000000000000000
00110001100001100110000001111000000000000000000000000000000000000000000000000000000000000000000000000000000000000000000000000000
01100001100011000011000011011000000000000000000000000000000000000000000000000000000000000000000000000000000000000000000000000000
01100000000011000011000010011000000000000000000000000000000000000000000000000000000000000000000000000000000000000000000000000000
01110000000011000011000000011000000000000000000000000000000000000000000000000000000000001000000000000000000000000000000000000000
00111110000011011011000000011000000000000000000000000000000000000000000000000000000000011000000000000000000000000000000000000000
00011111000011011011000000011000000000000000000000001110000111000101100001101000000000101000000000000000000000000000000000000000
00000011100011000011000000011000000000000000000000010001001000100110010010011000000000001000000000000000000000000000000000000000
00000001100011000011000000011000000000000000000000001100001000100100010010001000000000001000000000000000000000000000000000000000
01100001100011000011000000011000000000000000000000000010001000100100010010001000000000001000000000000000000000000000000000000000
00110001100001100110000000011000000000000000000000010001001000100100010010011000000000001000000000000000000000000000000000000000
00111111000001111110000000011000000000000000000000001110000111000100010001101000000000001000000000000000000000000000000000000000
00011110000000111100000000011000000000000000000000000000000000000000000000001000000000000000000000000000000000000000000000000000
00000000000000000000000000000000000000000000000000000000000000000000000011110000000000000000000000000000000000000000000000000000
00000000000000000000000000000000000000000000000000000000000000000000000000000000000000000000000000000000000000000000000000000000
00000000000000000000000000000000000000000000000000000000000000000000000000000000000000000000000000000000000000000000000000000000
00000000000000000000000000000000000000000000000000000000000000000000000000000000000000000000000000000000000000000000000000000000
00000000000000000000000000000000000000000000000000000000000000000000000000000000000000000000000000000000000000000000000000000000
00000000000000000000000000000000000000000000000000000000000000000000000000000000000000000000000000000000000000000000000000000000
00000000000000000000000000000000000000000000000000000000000000000000000000000000000000000000000000000000000000000000000000000000
00000000000000000000000000000000000000000000000000000000000000000000000000000000000000000000000000000000000000000000000000000000
00000000000000000000000000000000000000000000000000000000000000000000000000000000000000000000000000000000000000000000000000000000
00000000000000000000000000000000000000000000000000000000000000000000000000000000000000000000000000000000000000000000000000000000
00000011110001111100011100000000000111100010000000010000100010000000111000111110001110001111000000010001001000100111000001110000
00000010001001000000100010000000000100010010000000101000100010000001000100001000010001001000100000010001001100100100100010001000
00000010001001000000100000000000000100010010000000101000010100000001000000001000010001001000100000010001001100100100010010001000
00000010001001111100100000000000000100010010000000101000010100000000110000001000010001001000100000010001001010100100010010001000
00000011110001000000100000000000000111100010000000101000001000000000001000001000010001001111000000010001001010100100010010001000
00000010010001000000100000000000000100000010000001111100001000000000000100001000010001001000000000010001001001100100010010001000
00000010010001000000100010000000000100000010000001000100001000000001000100001000010001001000000000010001001001100100100010001000
00000010001001111100011100000000000100000011111001000100001000000000111000001000001110001000000000001110001000100111000001110000
00000000000000000000000000000000000000000000000000000000000000000000000000000000000000000000000000000000000000000000000000000000
00000000000000000000000000000000000000000000000000000000000000000000000000000000000000000000000000000000000000000000000000000000
00000000000000000000000000000000000000000000000000000000000000000000000000000000000000000000000000000000000000000000000000000000
00000000000000000000000000000000000000000000000000000000000000000000000000000000000000000000000000000000000000000000000000000000
00000000000000000000000000000000000000000000000000000000000000000000000000000000000000000000000000000000000000000000000000000000
00000000000000000000000000000000000000000000000000000000000000000000000000000000000000000000000000000000000000000000000000000000
00000000000000000000000000000000000000000000000000000000000000000000000000000000000000000000000000000000000000000000000000000000
00000000000000000000000000000000000000000000000000000000000000000000000000000000000000000000000000000000000000000000000000000000
00000000000000000000000000000000000000000000000000000000000000000000000000000000000000000000000000000000000000000000000000000000
00000000000000000000000000000000000000000000000000000000000000000000000000000000000000000000000000000000000000000000000000000000
00000000000000000000000000000000000000000000000000000000000000000000000000000000000000000000000000000000000000000000000000000000
00000000000000000000000000000000000000000000000000000000000000000000000000000000000000000000000000000000000000000000000000000000
00000000000000000000000000000000000000000000000000000000000000000000000000000000000000000000000000000000000000000000000000000000
00000000000000000000000000000000000000000000000000000000000000000000000000000000000000000000000000000000000000000000000000000000
00010001000111000100010011111000000111100011110001111100100010000001000100111110010001001111100000011110000111000000000001110000
00010001001000100110110010000000000100010010001001000000100010000001100100100000001010000010000000010001001000100000000010001000
00010001001000100110110010000000000100010010001001000000100010000001100100100000001010000010000000010001001000000000000010001000
00011111001000100101010011111000000100010010001001111100010100000001010100111110000100000010000000010001001000000000000000001000
00010001001000100100010010000000000111100011110001000000010100000001010100100000000100000010000000011110001011100000000000010000
00010001001000100100010010000000000100000010010001000000010100000001001100100000001010000010000000010000001000100000000000100000
00010001001000100100010010000000000100000010010001000000001000000001001100100000001010000010000000010000001000100000000001000000
00010001000111000100010011111000000100000010001001111100001000000001000100111110010001000010000000010000000111000000000011111000
00000000000000000000000000000000000000000000000000000000000000000000000000000000000000000000000000000000000000000000000000000000
00000000000000000000000000000000000000000000000000000000000000000000000000000000000000000000000000000000000000000000000000000000
00000000000000000000000000000000000000000000000000000000000000000000000000000000000000000000000000000000000000000000000000000000
00000000000000000000000000000000000000000000000000000000000000000000000000000000000000000000000000000000000000000000000000000000
00000000000000000000000000000000000000000000000000000000000000000000000000000000000000000000000000000000000000000000000000000000
00000000000000000000000000000000000000000000000000000000000000000000000000000000000000000000000000000000000000000000000000000000
00000000000000000000000000000000000000000000000000000000000000000000000000000000000000000000000000000000000000000000000000000000
00000000000000000000000000000000000000000000000000000000000000000000000000000000000000000000000000000000000000000000000000000000
00000000000000000000000000000000000000000000000000000000000000000000000000000000000000000000000000000000000000000000000000000000
