00000000000000000000000000000000000000000000000000000000000000000000000000000000000000000000000000000000000000000000000000000000
11111111110011100011100111111000000011110000000000000000000000000000000000000000000000000000000000000000000000000000000000000000
11111111110011100011100111111100000111111000000000000000000000000000000000000000000000000000000000000000000000000000000000000000
00001100000011110111100110001110000110011000000000000000000000000000000000000000000000000000000000000000000000000000000000000000
00001100000011110101100110000110001100001100000000000000000000000000000000000000000000000000000000000000000000000000000000000000
00001100000011010101100110000110001100001100000000000000000000000000000000000000000000000000000000000000000000000000000000000000
00001100000011010101100110000110001100001100000000000100000111000011100000000001111000111100010001000000000000000000000000000000
00001100000011011101100110001110001100001100000000001100001000100100010000000001000100100010011011000000000000000000000000000000
00001100000011001001100111111100001100001100000000010100001000100100010000000001000100100010011011000000000000000000000000000000
00001100000011000001100111111000001100001100000000000100000000100101010000000001111000100010010101000000000000000000000000000000
00001100000011000001100110000000001100001100000000000100000001000100010000000001000100111100010001000000000000000000000000000000
00001100000011000001100110000000001100001100000000000100000010000100010000000001000100100000010001000000000000000000000000000000
00001100000011000001100110000000000110011000000000000100000100000100010000000001000100100000010001000000000000000000000000000000
00001100000011000001100110000000000111111000000000000100001111100011100000000001111000100000010001000000000000000000000000000000
00001100000011000001100110000000000011110000000000000000000000000000000000000000000000000000000000000000000000000000000000000000
00000000000000000000000000000000000000000000000000000000000000000000000000000000000000000000000000000000000000000000000000000000
00000000000000000000000000000000000000000000000000000000000000000000000000000000000000000000000000000000000000000000000000000000
00000000000000000000000000000000000000000000000000000000000000000000000000000000000000000000000000000000000000000000000000000000
00000000000000000000000000000000000000000000000000000000000000000000000000000000000000000000000000000000000000000000000000000000
00000000000000000000000000000000000000000000000000000000000000000000000000000000000000000000000000000000000000000000000000000000
00000000000000000000000000000000000000000000000000000000000000000000000000000000000000000000000000000000000000000000000000000000
00000000000000000000000000000000000000000000000000000000000000000000000000000000000000000000000000000000000000000000000000000000
00000000000000000000000000000000000000000000000000000000000000000000000000000000000000000000000000000000000000000000000000000000
00000000000000000000000000000000000000000000000000000000000000000000000000000000000000000000000000000000000000000000000000000000
00000000000000000000000000000000000000000000000000000000000000000000000000000000000000000000000000000000000000000000000000000000
00000011111000010000111100000000000000011100010000001000100000000000111000111110011110001111100000001110001111100011100011110000
00000000100000101000100010000000000000100010010000001001000000000001000100001000010001000010000000010001000010000100010010001000
00000000100000101000100010000000000000100000010000001010000000000001000000001000010001000010000000010000000010000100010010001000
00000000100000101000100010000000000000100000010000001100000000000000110000001000010001000010000000001100000010000100010010001000
00000000100000101000111100000000000000100000010000001010000000000000001000001000011110000010000000000010000010000100010011110000
00000000100001111100100000000000000000100000010000001001000000000000000100001000010010000010000000000001000010000100010010000000
00000000100001000100100000000000000000100010010000001001000000000001000100001000010010000010000000010001000010000100010010000000
00000000100001000100100000000000000000011100011111001000100000000000111000001000010001000010000000001110000010000011100010000000
00000000000000000000000000000000000000000000000000000000000000000000000000000000000000000000000000000000000000000000000000000000
00000000000000000000000000000000000000000000000000000000000000000000000000000000000000000000000000000000000000000000000000000000
00000000000000000000000000000000000000000000000000000000000000000000000000000000000000000000000000000000000000000000000000000000
00000000000000000000000000000000000000000000000000000000000000000000000000000000000000000000000000000000000000000000000000000000
00000000000000000000000000000000000000000000000000000000000000000000000000000000000000000000000000000000000000000000000000000000
00000000000000000000000000000000000000000000000000000000000000000000000000000000000000000000000000000000000000000000000000000000
00000000000000000000000000000000000000000000000000000000000000000000000000000000000000000000000000000000000000000000000000000000
00000000000000000000000000000000000000000000000000000000000000000000000000000000000000000000000000000000000000000000000000000000
00000000000000000000000000000000000000000000000000000000000000000000000000000000000000000000000000000000000000000000000000000000
00000000000000000000000000000000000000000000000000000000000000000000000000000000000000000000000000000000000000000000000000000000
00000000000000000000000000000000000000000000000000000000000000000000000000000000000000000000000000000000000000000000000000000000
00000000000000000000000000000000000000000000000000000000000000000000000000000000000000000000000000000000000000000000000000000000
00000000000000000000000000000000000000000000000000000000000000000000000000000000000000000000000000000000000000000000000000000000
00000000000000000000000000000000000000000000000000000000000000000000000000000000000000000000000000000000000000000000000000000000
00011111001111000111110010001000000011100010001001000100011100000001111000111100010001000000000000011110001111000100010000000000
00000100001000100100000011011000000100010010001001100100100010000001000100100010011011000000000000010001001000100110110000000000
00000100001000100100000011011000000100000001010001100100100000000001000100100010011011000010000000010001001000100110110000000000
00000100001000100111110010101000000011000001010001010100100000000001111000100010010101000010000000011110001000100101010000000000
00000100001111000100000010001000000000100000100001010100100000000001000100111100010001001111100000010001001111000100010000000000
00000100001001000100000010001000000000010000100001001100100000000001000100100000010001000010000000010001001000000100010001110000
00000100001001000100000010001000000100010000100001001100100010000001000100100000010001000010000000010001001000000100010000000000
00000100001000100111110010001000000011100000100001000100011100000001111000100000010001000000000000011110001000000100010000000000
00000000000000000000000000000000000000000000000000000000000000000000000000000000000000000000000000000000000000000000000000000000
00000000000000000000000000000000000000000000000000000000000000000000000000000000000000000000000000000000000000000000000000000000
00000000000000000000000000000000000000000000000000000000000000000000000000000000000000000000000000000000000000000000000000000000
00000000000000000000000000000000000000000000000000000000000000000000000000000000000000000000000000000000000000000000000000000000
00000000000000000000000000000000000000000000000000000000000000000000000000000000000000000000000000000000000000000000000000000000
00000000000000000000000000000000000000000000000000000000000000000000000000000000000000000000000000000000000000000000000000000000
00000000000000000000000000000000000000000000000000000000000000000000000000000000000000000000000000000000000000000000000000000000
00000000000000000000000000000000000000000000000000000000000000000000000000000000000000000000000000000000000000000000000000000000
00000000000000000000000000000000000000000000000000000000000000000000000000000000000000000000000000000000000000000000000000000000
