01111100111000001110001111100000000001110001111100111110011111000111000100010001110000111000000000000000000000000000000000000000
01000000100100000100000010000000000010001001000000001000000100000010000110010010001001000100000000000000000000000000000000000000
01000000100010000100000010000000000010000001000000001000000100000010000110010010000001000000000000000000000000000000000000000000
01111100100010000100000010000000000001100001111100001000000100000010000101010010000000110000000000000000000000000000000000000000
01000000100010000100000010000000000000010001000000001000000100000010000101010010111000001000000000000000000000000000000000000000
01000000100010000100000010000000000000001001000000001000000100000010000100110010001000000100000000000000000000000000000000000000
01000000100100000100000010000000000010001001000000001000000100000010000100110010001001000100000000000000000000000000000000000000
01111100111000001110000010000000000001110001111100001000000100000111000100010001110000111000000000000000000000000000000000000000
00000000000000000000000000000000000000000000000000000000000000000000000000000000000000000000000000000000000000000000000000000000
00000000000000000000000000000000000000000000000000000000000000000000000000000000000000000000000000000000000000000000000000000000
00000000000000000000000000000000000000000000000000000000000000000000000000000000000000000000000000000000000000000000000000000000
00000000000000000000000000000000000000000000000000000000000000000000000000000000000000000000000000000000000000000000000000000000
10111111100011101110111000111000011100001110000011100011111111110000011100011110001111111111111111111111111111111111111111111111
10111111011101100110110111011011101101110110111111011101111111110111111011101101110111111111111111111111111111111111111111111111
10111111011101100110110111111011101101110110111111011111111111110111111011101101110111111111000011110001111111111111111111111111
10111111011101101010110111111011101101110110000011100111111111110000111010101101010111111111010101101110111111111111111111111111
10111111011101101010110100011000011100001110111111111011111111111111011011101101110111111111010101110011111111111111111111111111
10111111011101101100110111011011111101101110111111111101111111111111011011101101110111111111010101111101111111111111111111111111
10111111011101101100110111011011111101101110111111011101111111110111011011101101110111111111010101101110111111111111111111111111
10000011100011101110111000111011111101110110000011100011111111111000111100011110001111111111010101110001111111111111111111111111
11111111111111111111111111111111111111111111111111111111111111111111111111111111111111111111111111111111111111111111111111111111
11111111111111111111111111111111111111111111111111111111111111111111111111111111111111111111111111111111111111111111111111111111
01110000111100010000001111000111100011111000111000011100000000000111000011100001110000000000000000000000000000000000000000000000
01001000100010010000001000100100010010000001000100100010000000001000100100010010001000000000000000000000000000000000000000000000
01000100100010010000001000100100010010000001000000100000000000000000100100010010001000000000111100001110000000000000000000000000
01000100111100010000001000100100010011111000110000011000000000000011000101010010101000000000101010010001000000000000000000000000
01000100100010010000001111000111100010000000001000000100000000000000100100010010001000000000101010001100000000000000000000000000
01000100100010010000001000000100100010000000000100000010000000000000100100010010001000000000101010000010000000000000000000000000
01001000100010010000001000000100100010000001000100100010000000001000100100010010001000000000101010010001000000000000000000000000
01110000111100011111001000000100010011111000111000011100000000000111000011100001110000000000101010001110000000000000000000000000
00000000000000000000000000000000000000000000000000000000000000000000000000000000000000000000000000000000000000000000000000000000
00000000000000000000000000000000000000000000000000000000000000000000000000000000000000000000000000000000000000000000000000000000
00111000011100010001001111000011100000000000000000000000000000000111000011100000000000000000000000000000000000000000000000000000
01000100100010011011001000100100010000000000000000000000000000001000100100010000000000000000000000000000000000000000000000000000
01000000100010011011001000100100010000000000000000000000000000001000100100010000000001111000011100000000000000000000000000000000
01000000100010010101001111000100010000000000000000000000000000000111000101010000000001010100100010000000000000000000000000000000
01000000100010010001001000100100010000000000000000000000000000001000100100010000000001010100011000000000000000000000000000000000
01000000100010010001001000100100010000000000000000000000000000001000100100010000000001010100000100000000000000000000000000000000
01000100100010010001001000100100010000000000000000000000000000001000100100010000000001010100100010000000000000000000000000000000
00111000011100010001001111000011100000000000000000000000000000000111000011100000000001010100011100000000000000000000000000000000
00000000000000000000000000000000000000000000000000000000000000000000000000000000000000000000000000000000000000000000000000000000
00000000000000000000000000000000000000000000000000000000000000000000000000000000000000000000000000000000000000000000000000000000
01111000111100001110000111000100010011111000000000000000000000000010000011100001110000000000010000000000000000000000000000000000
01000100100010000100001000100100010000100000000000000000000000000110000100010010001000000000101010000000000000000000000000000000
01000100100010000100001000000100010000100000000000000000000000001010000100010010001000000000101100000000000000000000000000000000
01111000100010000100001000000111110000100000000000000000000000000010000101010010101000000000011000000000000000000000000000000000
01000100111100000100001011100100010000100000000000000000000000000010000100010010001000000000010100000000000000000000000000000000
01000100100100000100001000100100010000100000000000000000000000000010000100010010001000000000101010000000000000000000000000000000
01000100100100000100001000100100010000100000000000000000000000000010000100010010001000000000001010000000000000000000000000000000
01111000100010001110000111000100010000100000000000000000000000000010000011100001110000000000000100000000000000000000000000000000
00000000000000000000000000000000000000000000000000000000000000000000000000000000000000000000000000000000000000000000000000000000
00000000000000000000000000000000000000000000000000000000000000000000000000000000000000000000000000000000000000000000000000000000
01111000111110001110001111100111100011110000111000011100000000000111000111110000000000100000000000000000000000000000000000000000
01000100100000010001000010000100010010001000010000100010000000001000100100000000000001010100000000000000000000000000000000000000
01000100100000010000000010000100010010001000010000100000000000001000100100000000000001011000000000000000000000000000000000000000
01000100111110001100000010000111100010001000010000100000000000000000100111100000000000110000000000000000000000000000000000000000
01111000100000000010000010000100010011110000010000101110000000000001000000010000000000101000000000000000000000000000000000000000
01001000100000000001000010000100010010010000010000100010000000000010000000010000000001010100000000000000000000000000000000000000
01001000100000010001000010000100010010010000010000100010000000000100000100010000000000010100000000000000000000000000000000000000
01000100111110001110000010000111100010001000111000011100000000001111100011100000000000001000000000000000000000000000000000000000
00000000000000000000000000000000000000000000000000000000000000000000000000000000000000000000000000000000000000000000000000000000
00000000000000000000000000000000000000000000000000000000000000000000000000000000000000000000000000000000000000000000000000000000
00000000000000000000000000000000000000000000000000000000000000000000000000000000000000000000000000000000000000000000000000000000
00000000000000000000000000000000000000000000000000000000000000000000000000000000000000000000000000000000000000000000000000000000
