00000000000000000000000000000000000000000000000000000000000000000000000000000000000000000000000000000000000000000000000000000000
01111110000111111111100001111000001100001100000000000000000000000000000000000000000000000000000000000000000000000000000000000000
01111111000111111111100011111100001100001100000000000000000000000000000000000000000000000000000000000000000000000000000000000000
01100011100000011000000011000110001100001100000000000000000000000000000000000000000000000000000000000000000000000000000000000000
01100001100000011000000110000110001100001100000000000000000000000000000000000000000000000000000000000000000000000000000000000000
01100001100000011000000110000000001100001100000000000000000000000000000000000000000000000000000000000000000000000000000000000000
01100001100000011000000110000000001100001100000000011110000111000000000000100000000000000000000000000000000000000000000000000000
01100011100000011000000110000000001111111100000000010001001000100000000001100000000000000000000000000000000000000000000000000000
01111111000000011000000110000000001111111100000000010001001000000000000010100000000000000000000000000000000000000000000000000000
01111110000000011000000110000000001100001100000000010001001000000000000000100000000000000000000000000000000000000000000000000000
01100000000000011000000110000000001100001100000000011110001000000000000000100000000000000000000000000000000000000000000000000000
01100000000000011000000110000110001100001100000000010000001000000000000000100000000000000000000000000000000000000000000000000000
01100000000000011000000011000110001100001100000000010000001000100000000000100000000000000000000000000000000000000000000000000000
01100000000000011000000011111100001100001100000000010000000111000000000000100000000000000000000000000000000000000000000000000000
01100000000000011000000001111000001100001100000000000000000000000000000000000000000000000000000000000000000000000000000000000000
00000000000000000000000000000000000000000000000000000000000000000000000000000000000000000000000000000000000000000000000000000000
00000000000000000000000000000000000000000000000000000000000000000000000000000000000000000000000000000000000000000000000000000000
00000000000000000000000000000000000000000000000000000000000000000000000000000000000000000000000000000000000000000000000000000000
00000000000000000000000000000000000000000000000000000000000000000000000000000000000000000000000000000000000000000000000000000000
00000000000000000000000000000000000000000000000000000000000000000000000000000000000000000000000000000000000000000000000000000000
00000000000000000000000000000000000000000000000000000000000000000000000000000000000000000000000000000000000000000000000000000000
00000000000000000000000000000000000000000000000000000000000000000000000000000000000000000000000000000000000000000000000000000000
00000000000000000000000000000000000000000000000000000000000000000000000000000000000000000000000000000000000000000000000000000000
00000000000000000000000000000000000000000000000000000000000000000000000000000000000000000000000000000000000000000000000000000000
00000000000000000000000000000000000000000000000000000000000000000000000000000000000000000000000000000000000000000000000000000000
00000011110000000000011100000000000000111100000000000010000000000000111000100010000000001111100000001110001000100001000001110000
00000010001000000000100010000000000000100010000000000110000000000001000100100010000000001000000000010001001000100011000010001000
00000010001000000000100010000000000000100010000000001010000000000001000000100010000000001000000000010000001000100101000010000000
00000010001000000000101010000000000000100010000000000010000000000001000000111110000000001111000000010000001111100001000011110000
00000011110000000000100010000000000000111100000000000010000000000001000000100010000000000000100000010000001000100001000010001000
00000010000000000000100010000000000000100000000000000010000000000001000000100010000000000000100000010000001000100001000010001000
00000010000000000000100010000000000000100000000000000010000000000001000100100010000000001000100000010001001000100001000010001000
00000010000000000000011100000000000000100000000000000010000000000000111000100010000000000111000000001110001000100001000001110000
00000000000000000000000000000000000000000000000000000000000000000000000000000000000000000000000000000000000000000000000000000000
00000000000000000000000000000000000000000000000000000000000000000000000000000000000000000000000000000000000000000000000000000000
00000000000000000000000000000000000000000000000000000000000000000000000000000000000000000000000000000000000000000000000000000000
00000000000000000000000000000000000000000000000000000000000000000000000000000000000000000000000000000000000000000000000000000000
00000000000000000000000000000000000000000000000000000000000000000000000000000000000000000000000000000000000000000000000000000000
00000000000000000000000000000000000000000000000000000000000000000000000000000000000000000000000000000000000000000000000000000000
00000000000000000000000000000000000000000000000000000000000000000000000000000000000000000000000000000000000000000000000000000000
00000000000000000000000000000000000000000000000000000000000000000000000000000000000000000000000000000000000000000000000000000000
00000000000000000000000000000000000000000000000000000000000000000000000000000000000000000000000000000000000000000000000000000000
00000000000000000000000000000000000000000000000000000000000000000000000000000000000000000000000000000000000000000000000000000000
00000000000000000000000000000000000000000000000000000000000000000000000000000000000000000000000000000000000000000000000000000000
00000000000000000000000000000000000000000000000000000000000000000000000000000000000000000000000000000000000000000000000000000000
00000000000000000000000000000000000000000000000000000000000000000000000000000000000000000000000000000000000000000000000000000000
00000000000000000000000000000000000000000000000000000000000000000000000000000000000000000000000000000000000000000000000000000000
00011110000111000000000001110000000000111100001110001000100000000001111000111100011111001000100000010001001111100100010011111000
00010001001000100000000010001000000000100010010001001101100000000001000100100010010000001000100000011001001000000010100000100000
00010001001000000000000000001000000000100010010000001101100000000001000100100010010000001000100000011001001000000010100000100000
00011110000110000000000000110000000000111100001100001010100000000001000100100010011111000101000000010101001111100001000000100000
00010001000001000000000000001000000000100010000010001000100000000001111000111100010000000101000000010101001000000001000000100000
00010001000000100000000000001000000000100010000001001000100000000001000000100100010000000101000000010011001000000010100000100000
00010001001000100000000010001000000000100010010001001000100000000001000000100100010000000010000000010011001000000010100000100000
00011110000111000000000001110000000000111100001110001000100000000001000000100010011111000010000000010001001111100100010000100000
00000000000000000000000000000000000000000000000000000000000000000000000000000000000000000000000000000000000000000000000000000000
00000000000000000000000000000000000000000000000000000000000000000000000000000000000000000000000000000000000000000000000000000000
00000000000000000000000000000000000000000000000000000000000000000000000000000000000000000000000000000000000000000000000000000000
00000000000000000000000000000000000000000000000000000000000000000000000000000000000000000000000000000000000000000000000000000000
00000000000000000000000000000000000000000000000000000000000000000000000000000000000000000000000000000000000000000000000000000000
00000000000000000000000000000000000000000000000000000000000000000000000000000000000000000000000000000000000000000000000000000000
00000000000000000000000000000000000000000000000000000000000000000000000000000000000000000000000000000000000000000000000000000000
00000000000000000000000000000000000000000000000000000000000000000000000000000000000000000000000000000000000000000000000000000000
00000000000000000000000000000000000000000000000000000000000000000000000000000000000000000000000000000000000000000000000000000000
