01111100111000001110001111100000000001110000111000100010010001000010000100010011100000111000000000000000000000000000000000000000
01000000100100000100000010000000000010001001000100110110011011000101000110010010010001000100000000000000000000000000000000000000
01000000100010000100000010000000000010000001000100110110011011000101000110010010001001000000000000000000000000000000000000000000
01111100100010000100000010000000000010000001000100101010010101000101000101010010001000110000000000000000000000000000000000000000
01000000100010000100000010000000000010000001000100100010010001000101000101010010001000001000000000000000000000000000000000000000
01000000100010000100000010000000000010000001000100100010010001001111100100110010001000000100000000000000000000000000000000000000
01000000100100000100000010000000000010001001000100100010010001001000100100110010010001000100000000000000000000000000000000000000
01111100111000001110000010000000000001110000111000100010010001001000100100010011100000111000000000000000000000000000000000000000
00000000000000000000000000000000000000000000000000000000000000000000000000000000000000000000000000000000000000000000000000000000
00000000000000000000000000000000000000000000000000000000000000000000000000000000000000000000000000000000000000000000000000000000
00000000000000000000000000000000000000000000000000000000000000000000000000000000000000000000000000000000000000000000000000000000
00000000000000000000000000000000000000000000000000000000000000000000000000000000000000000000000000000000000000000000000000000000
10000111110111101110110111011111111111111111111111111111111111111000111111111111111111111111111111111111111111111111111111111111
10111011101011100110110110111111111111111111111111111111111111110111011111111111111111111111111111111111111111111111111111111111
10111011101011100110110101111111111111111111111111111111111111110111011111111111111111111111111111111111111111111111111111111111
10000111101011101010110011111111111111111111111111111111111111111111011111111111111111111111111111111111111111111111111111111111
10111011101011101010110101111111111111111111111111111111111111111110111111111111111111111111111111111111111111111111111111111111
10111011000001101100110110111111111111111111111111111111111111111101111111111111111111111111111111111111111111111111111111111111
10111011011101101100110110111111111111111111111111111111111111111011111111111111111111111111111111111111111111111111111111111111
10000111011101101110110111011111111111111111111111111111111111110000011111111111111111111111111111111111111111111111111111111111
11111111111111111111111111111111111111111111111111111111111111111111111111111111111111111111111111111111111111111111111111111111
11111111111111111111111111111111111111111111111111111111111111111111111111111111111111111111111111111111111111111111111111111111
01111000100010011111001111100011100010001000000000000000000000000010000000000000000000000000000000000000000000000000000000000000
01000100100010000100000010000100010011001000000000000000000000000110000000000000000000000000000000000000000000000000000000000000
01000100100010000100000010000100010011001000000000000000000000001010000000000000000000000000000000000000000000000000000000000000
01111000100010000100000010000100010010101000000000000000000000000010000000000000000000000000000000000000000000000000000000000000
01000100100010000100000010000100010010101000000000000000000000000010000000000000000000000000000000000000000000000000000000000000
01000100100010000100000010000100010010011000000000000000000000000010000000000000000000000000000000000000000000000000000000000000
01000100100010000100000010000100010010011000000000000000000000000010000000000000000000000000000000000000000000000000000000000000
01111000011100000100000010000011100010001000000000000000000000000010000000000000000000000000000000000000000000000000000000000000
00000000000000000000000000000000000000000000000000000000000000000000000000000000000000000000000000000000000000000000000000000000
00000000000000000000000000000000000000000000000000000000000000000000000000000000000000000000000000000000000000000000000000000000
01111000111100011111000111000011100000000000000000000000000000000111000100000000000000000000010000000000000000000000000000000000
01000100100010010000001000100100010000000000000000000000000000001000100100000000000000000000010000000000000000000000000000000000
01000100100010010000001000000100000000000000000000000000000000001000000101100001110001011000111100000000000000000000000000000000
01000100100010011111000110000011000000000000000000000000000000000110000110010010001001100100010000000000000000000000000000000000
01111000111100010000000001000000100000000000000000000000000000000001000100010010001001000000010000000000000000000000000000000000
01000000100100010000000000100000010000000000000000000000000000000000100100010010001001000000010000000000000000000000000000000000
01000000100100010000001000100100010000000000000000000000000000001000100100010010001001000000010000000000000000000000000000000000
01000000100010011111000111000011100000000000000000000000000000000111000100010001110001000000001100000000000000000000000000000000
00000000000000000000000000000000000000000000000000000000000000000000000000000000000000000000000000000000000000000000000000000000
00000000000000000000000000000000000000000000000000000000000000000000000000000000000000000000000000000000000000000000000000000000
00111000011100010001001000100001000010001001110000000000000000000010000000000000000000000000000000000000000000000000000000000000
01000100100010011011001101100010100011001001001000000000000000000110000000000000000000000000000000000000000000000000000000000000
01000000100010011011001101100010100011001001000100000000000000001010000000000000000000000000000000000000000000000000000000000000
01000000100010010101001010100010100010101001000100000000000000000010000000000000000000000000000000000000000000000000000000000000
01000000100010010001001000100010100010101001000100000000000000000010000000000000000000000000000000000000000000000000000000000000
01000000100010010001001000100111110010011001000100000000000000000010000000000000000000000000000000000000000000000000000000000000
01000100100010010001001000100100010010011001001000000000000000000010000000000000000000000000000000000000000000000000000000000000
00111000011100010001001000100100010010001001110000000000000000000010000000000000000000000000000000000000000000000000000000000000
00000000000000000000000000000000000000000000000000000000000000000000000000000000000000000000000000000000000000000000000000000000
00000000000000000000000000000000000000000000000000000000000000000000000000000000000000000000000000000000000000000000000000000000
01111100100010011110001111100000000000000000000000000000000000000111000011100000000000000000000000000000000000000000000000000000
00010000100010010001001000000000000000000000000000000000000000001000100100010000000000000000000000000000000000000000000000000000
00010000010100010001001000000000000000000000000000000000000000001000000100000000000000000000000000000000000000000000000000000000
00010000010100010001001111100000000000000000000000000000000000001000000100000000000000000000000000000000000000000000000000000000
00010000001000011110001000000000000000000000000000000000000000001000000100000000000000000000000000000000000000000000000000000000
00010000001000010000001000000000000000000000000000000000000000001000000100000000000000000000000000000000000000000000000000000000
00010000001000010000001000000000000000000000000000000000000000001000100100010000000000000000000000000000000000000000000000000000
00010000001000010000001111100000000000000000000000000000000000000111000011100000000000000000000000000000000000000000000000000000
00000000000000000000000000000000000000000000000000000000000000000000000000000000000000000000000000000000000000000000000000000000
00000000000000000000000000000000000000000000000000000000000000000000000000000000000000000000000000000000000000000000000000000000
00000000000000000000000000000000000000000000000000000000000000000000000000000000000000000000000000000000000000000000000000000000
00000000000000000000000000000000000000000000000000000000000000000000000000000000000000000000000000000000000000000000000000000000
