00000000000000000000000000000000000000000000000000000000000000000000000000000000000000000000000000000000000000000000000000000000
01100000000000111100000001111000001111110000000000000000000000000000000000000000000000000000000000000000000000000000000000000000
01100000000001111110000011111100001111111000000000000000000000000000000000000000000000000000000000000000000000000000000000000000
01100000000001100110000011001100001100011100000000000000000000000000000000000000000000000000000000000000000000000000000000000000
01100000000011000011000110000110001100001100000000000000000000000000000000000000000000000000000000000000000000000000000000000000
01100000000011000011000110000110001100001100000000000000000000000000000000000000000000000000000000000000000000000000000000000000
01100000000011000011000110000110001100001100000000011100000000000000000000000000000000000000000000000000000000000000000000000000
01100000000011000011000110000110001100011100000000000100000000000000000000000000000000000000000000000000000000000000000000000000
01100000000011000011000110000110001111111000000000000100000111000011100010110000111000101100000000000000000000000000000000000000
01100000000011000011000110000110001111110000000000000100001000100100010011001001000100110010000000000000000000000000000000000000
01100000000011000011000110000110001100000000000000000100001000100100010010001001111100100000000000000000000000000000000000000000
01100000000011000011000110000110001100000000000000000100001000100100010010001001000000100000000000000000000000000000000000000000
01100000000001100110000011001100001100000000000000000100001000100100010011001001000100100000000000000000000000000000000000000000
01111111100001111110000011111100001100000000000000000100000111000011100010110000111000100000000000000000000000000000000000000000
01111111100000111100000001111000001100000000000000000000000000000000000010000000000000000000000000000000000000000000000000000000
00000000000000000000000000000000000000000000000000000000000000000000000010000000000000000000000000000000000000000000000000000000
00000000000000000000000000000000000000000000000000000000000000000000000000000000000000000000000000000000000000000000000000000000
00000000000000000000000000000000000000000000000000000000000000000000000000000000000000000000000000000000000000000000000000000000
00000000000000000000000000000000000000000000000000000000000000000000000000000000000000000000000000000000000000000000000000000000
00000000000000000000000000000000000000000000000000000000000000000000000000000000000000000000000000000000000000000000000000000000
00000000000000000000000000000000000000000000000000000000000000000000000000000000000000000000000000000000000000000000000000000000
00000000000000000000000000000000000000000000000000000000000000000000000000000000000000000000000000000000000000000000000000000000
00000000000000000000000000000000000000000000000000000000000000000000000000000000000000000000000000000000000000000000000000000000
11111111111111111111111111111111000000000000000000000000000000000000000000000000000000000000000000000000000000000000000000000000
11111111111111111111111111111111000000000000000000000000000000000000000000000000000000000000000000000000000000000000000000000000
11111100001110000011100011111111000111100010000000010000100010000000111000111110001110001111000000010001001000100111000001110000
11111101110110111111011101111111000100010010000000101000100010000001000100001000010001001000100000010001001100100100100010001000
11111101110110111111011111111111000100010010000000101000010100000001000000001000010001001000100000010001001100100100010010001000
11111101110110000011011111111111000100010010000000101000010100000000110000001000010001001000100000010001001010100100010010001000
11111100001110111111011111111111000111100010000000101000001000000000001000001000010001001111000000010001001010100100010010001000
11111101101110111111011111111111000100000010000001111100001000000000000100001000010001001000000000010001001001100100010010001000
11111101101110111111011101111111000100000010000001000100001000000001000100001000010001001000000000010001001001100100100010001000
11111101110110000011100011111111000100000011111001000100001000000000111000001000001110001000000000001110001000100111000001110000
11111111111111111111111111111111000000000000000000000000000000000000000000000000000000000000000000000000000000000000000000000000
11111111111111111111111111111111000000000000000000000000000000000000000000000000000000000000000000000000000000000000000000000000
11111111111111111111111111111111000000000000000000000000000000000000000000000000000000000000000000000000000000000000000000000000
11111111111111111111111111111111000000000000000000000000000000000000000000000000000000000000000000000000000000000000000000000000
00000000000000000000000000000000000000000000000000000000000000000000000000000000000000000000000000000000000000000000000000000000
00000000000000000000000000000000000000000000000000000000000000000000000000000000000000000000000000000000000000000000000000000000
00000000000000000000000000000000000000000000000000000000000000000000000000000000000000000000000000000000000000000000000000000000
00000000000000000000000000000000000000000000000000000000000000000000000000000000000000000000000000000000000000000000000000000000
00000000000000000000000000000000000000000000000000000000000000000000000000000000000000000000000000000000000000000000000000000000
00000000000000000000000000000000000000000000000000000000000000000000000000000000000000000000000000000000000000000000000000000000
00000000000000000000000000000000000000000000000000000000000000000000000000000000000000000000000000000000000000000000000000000000
00000000000000000000000000000000000000000000000000000000000000000000000000000000000000000000000000000000000000000000000000000000
00000000000000000000000000000000111111111111111111111111111111110000000000000000000000000000000000000000000000000000000000000000
00000000000000000000000000000000111111111111111111111111111111110000000000000000000000000000000000000000000000000000000000000000
00011111001111000100010000100000111000001100001110111011100011110001111100111100010001000111000000011111001111000100010000010000
00000100001000100100100001100000111110111101110110110111011101110000010000100010010010001000100000000100001000100100100000110000
00000100001000100101000010100000111110111101110110101111011101110000010000100010010100000000100000000100001000100101000001010000
00000100001000100110000000100000111110111101110110011111111101110000010000100010011000000011000000000100001000100110000001010000
00000100001111000101000000100000111110111100001110101111111011110000010000111100010100000000100000000100001111000101000010010000
00000100001001000100100000100000111110111101101110110111110111110000010000100100010010000000100000000100001001000100100011111000
00000100001001000100100000100000111110111101101110110111101111110000010000100100010010001000100000000100001001000100100000010000
00000100001000100100010000100000111110111101110110111011000001110000010000100010010001000111000000000100001000100100010000010000
00000000000000000000000000000000111111111111111111111111111111110000000000000000000000000000000000000000000000000000000000000000
00000000000000000000000000000000111111111111111111111111111111110000000000000000000000000000000000000000000000000000000000000000
00000000000000000000000000000000111111111111111111111111111111110000000000000000000000000000000000000000000000000000000000000000
00000000000000000000000000000000111111111111111111111111111111110000000000000000000000000000000000000000000000000000000000000000
00000000000000000000000000000000000000000000000000000000000000000000000000000000000000000000000000000000000000000000000000000000
00000000000000000000000000000000000000000000000000000000000000000000000000000000000000000000000000000000000000000000000000000000
00000000000000000000000000000000000000000000000000000000000000000000000000000000000000000000000000000000000000000000000000000000
00000000000000000000000000000000000000000000000000000000000000000000000000000000000000000000000000000000000000000000000000000000
00000000000000000000000000000000000000000000000000000000000000000000000000000000000000000000000000000000000000000000000000000000
