00000000000000000000000000000000000000000000000000000000000000000000000000000000000000000000000000000000000000000000000000000000
00011110000000000000000000000000000000000000000000000000000000000000011110000011000000000000011000000111110000000000011000000000
00111111000000000000000000000000000000000000000010000000000000000000111111000011000000000000011000000111110000000000011000000000
00110001100000000000000000000000000000000000000110000000000000000000110001100011000000000000000000000000110000000000011000000000
01100001100000000000000000000000000000000000000110000000000000000001100001100011000000000000000000000000110000000000011000000000
01100000000110111011000001111000000011110000011111110000000000000001100000000011011110000011111000000000110000000111011000000000
01110000000110111011000011111100000111111000011111110000000000000001100000000011111111000011111000000000110000001111111000000000
00111110000110111011000111001100001110011000000110000000000000000001100000000011100011000000011000000000110000011100111000000000
00011111000010101010000110000110001100001100000110000000000000000001100000000011000011000000011000000000110000011000011000000000
00000011100010101010000111111110001111111100000110000000000000000001100000000011000011000000011000000000110000011000011000000000
00000001100010101010000111111110001111111100000110000000000000000001100000000011000011000000011000000000110000011000011000000000
01100001100011101110000110000000001100000000000110000000000000000001100001100011000011000000011000000000110000011000011000000000
00110001100011101110000111000110001110001100000110000000000000000000110001100011000011000000011000000000110000011100111000000000
00111111000001000100000011111100000111111000000111111000000000000000111111000011000011000000011000000000110000001111111000000000
00011110000001000100000001111000000011110000000011111000000000000000011110000011000011000000011000000000110000000111011000000000
00000000000000000000000000000000000000000000000000000000000000000000000000000000000000000000000000000000000000000000000000000000
00000000000000000000000000000000000000000000000000000000000000000000000000000000000000000000000000000000000000000000000000000000
00000000000000000000000000000000000000000000000000000000000000000000000000000000000000000000000000000000000000000000000000000000
00000000000000000000000000000000000000000000000000000000000000000000000000000000000000000000000000000000000000000000000000000000
00000000000000000000000000000000000000000000000000000000000000000000000000000000000000000000000000000000000000000000000000000000
00000000000000000000000000000000000000000000000000000000000000000000000000000000000000000000000000000000000000000000000000000000
00000000000000000000000000000000000000000000000000000000000000000000000000000000000000000000000000000000000000000000000000000000
00000000000000000000000000000000000000000000000000000000000000000000000000000000000000000000000000000000000000000000000000000000
00000000000000000000000000000000000000000000000000000000000000000000000000000000000000000000000000000000000000000000000000000000
00000000000000000000000000000000000000000000000000000000000000000000000000000000000000000000000000000000000000000000000000000000
00000011110001111100011100000000000111100010000000010000100010000000111000111110001110001111000000010001001000100111000001110000
00000010001001000000100010000000000100010010000000101000100010000001000100001000010001001000100000010001001100100100100010001000
00000010001001000000100000000000000100010010000000101000010100000001000000001000010001001000100000010001001100100100010010001000
00000010001001111100100000000000000100010010000000101000010100000000110000001000010001001000100000010001001010100100010010001000
00000011110001000000100000000000000111100010000000101000001000000000001000001000010001001111000000010001001010100100010010001000
00000010010001000000100000000000000100000010000001111100001000000000000100001000010001001000000000010001001001100100010010001000
00000010010001000000100010000000000100000010000001000100001000000001000100001000010001001000000000010001001001100100100010001000
00000010001001111100011100000000000100000011111001000100001000000000111000001000001110001000000000001110001000100111000001110000
00000000000000000000000000000000000000000000000000000000000000000000000000000000000000000000000000000000000000000000000000000000
00000000000000000000000000000000000000000000000000000000000000000000000000000000000000000000000000000000000000000000000000000000
00000000000000000000000000000000000000000000000000000000000000000000000000000000000000000000000000000000000000000000000000000000
00000000000000000000000000000000000000000000000000000000000000000000000000000000000000000000000000000000000000000000000000000000
00000000000000000000000000000000000000000000000000000000000000000000000000000000000000000000000000000000000000000000000000000000
00000000000000000000000000000000000000000000000000000000000000000000000000000000000000000000000000000000000000000000000000000000
00000000000000000000000000000000000000000000000000000000000000000000000000000000000000000000000000000000000000000000000000000000
00000000000000000000000000000000000000000000000000000000000000000000000000000000000000000000000000000000000000000000000000000000
00000000000000000000000000000000000000000000000000000000000000000000000000000000000000000000000000000000000000000000000000000000
00000000000000000000000000000000000000000000000000000000000000000000000000000000000000000000000000000000000000000000000000000000
00000000000000000000000000000000000000000000000000000000000000000000000000000000000000000000000000000000000000000000000000000000
00000000000000000000000000000000000000000000000000000000000000000000000000000000000000000000000000000000000000000000000000000000
00000000000000000000000000000000000000000000000000000000000000000000000000000000000000000000000000000000000000000000000000000000
00000000000000000000000000000000000000000000000000000000000000000000000000000000000000000000000000000000000000000000000000000000
00010001000111000100010011111000000111100011110001111100100010000001000100111110010001001111100000011110000111000000000001110000
00010001001000100110110010000000000100010010001001000000100010000001100100100000001010000010000000010001001000100000000010001000
00010001001000100110110010000000000100010010001001000000100010000001100100100000001010000010000000010001001000000000000010001000
00011111001000100101010011111000000100010010001001111100010100000001010100111110000100000010000000010001001000000000000000001000
00010001001000100100010010000000000111100011110001000000010100000001010100100000000100000010000000011110001011100000000000010000
00010001001000100100010010000000000100000010010001000000010100000001001100100000001010000010000000010000001000100000000000100000
00010001001000100100010010000000000100000010010001000000001000000001001100100000001010000010000000010000001000100000000001000000
00010001000111000100010011111000000100000010001001111100001000000001000100111110010001000010000000010000000111000000000011111000
00000000000000000000000000000000000000000000000000000000000000000000000000000000000000000000000000000000000000000000000000000000
00000000000000000000000000000000000000000000000000000000000000000000000000000000000000000000000000000000000000000000000000000000
00000000000000000000000000000000000000000000000000000000000000000000000000000000000000000000000000000000000000000000000000000000
00000000000000000000000000000000000000000000000000000000000000000000000000000000000000000000000000000000000000000000000000000000
00000000000000000000000000000000000000000000000000000000000000000000000000000000000000000000000000000000000000000000000000000000
00000000000000000000000000000000000000000000000000000000000000000000000000000000000000000000000000000000000000000000000000000000
00000000000000000000000000000000000000000000000000000000000000000000000000000000000000000000000000000000000000000000000000000000
00000000000000000000000000000000000000000000000000000000000000000000000000000000000000000000000000000000000000000000000000000000
00000000000000000000000000000000000000000000000000000000000000000000000000000000000000000000000000000000000000000000000000000000
