00000000000000000000000000000000000000000000000000000000000000000000000000000000000000000000000000000000000000000000000000000000
01100000110011100011000001111000001111100000000000000000000000000000000000000000000000000000000000000000000000000000000000000000
01100001100011100011000011111100001111110000000000000000000000000000000000000000000000000000000000000000000000000000000000000000
01100011000011110011000011001100001100011000000000000000000000000000000000000000000000000000000000000000000000000000000000000000
01100110000011110011000110000110001100011000000000000000000000000000000000000000000000000000000000000000000000000000000000000000
01100110000011110011000110000110001100011000000000000000000000000000000000000000000000000000000000000000000000000000000000000000
01101100000011011011000110000110001100011000000000001110000111000111110000000000111000011100000000000000000000000000000000000000
01111000000011011011000110000110001111110000000000010001001000100000010000000001000100100010000000000000000000000000000000000000
01111100000011011011000110000110001111110000000000010000001000000000100000000001000000100000000000000000000000000000000000000000
01100110000011001011000110000110001100011000000000010000001000000001000011111001111000111100000000000000000000000000000000000000
01100110000011001111000110000110001100001100000000010000001000000001000000000001000100100010000000000000000000000000000000000000
01100011000011001111000110000110001100001100000000010000001000000010000011111001000100100010000000000000000000000000000000000000
01100001100011001111000011001100001100011100000000010001001000100010000000000001000100100010000000000000000000000000000000000000
01100001100011000111000011111100001111111000000000001110000111000010000000000000111000011100000000000000000000000000000000000000
01100000110011000111000001111000001111110000000000000000000000000000000000000000000000000000000000000000000000000000000000000000
00000000000000000000000000000000000000000000000000000000000000000000000000000000000000000000000000000000000000000000000000000000
00000000000000000000000000000000000000000000000000000000000000000000000000000000000000000000000000000000000000000000000000000000
00000000000000000000000000000000000000000000000000000000000000000000000000000000000000000000000000000000000000000000000000000000
00000000000000000000000000000000000000000000000000000000000000000000000000000000000000000000000000000000000000000000000000000000
00000000000000000000000000000000000000000000000000000000000000000000000000000000000000000000000000000000000000000000000000000000
00000000000000000000000000000000000000000000000000000000000000000000000000000000000000000000000000000000000000000000000000000000
00000000000000000000000000000000000000000000000000000000000000000000000000000000000000000000000000000000000000000000000000000000
00000000000000000000000000000000000000000000000000000000000000000000000000000000000000000000000000000000000000000000000000000000
00000000000000000000000000000000000000000000000000000000000000000000000000000000000000000000000000000000000000000000000000000000
00000000000000000000000000000000000000000000000000000000000000000000000000000000000000000000000000000000000000000000000000000000
00010001000111000100000000000000000100010001110001000000000000000001111000001000010001000000000000011110000010000100010000000000
00010001001000100100000000000000000100010010001001000000000000000001000100010100011001000000000000010001000101000110010000000000
00010001001000100100000000100000000100010010001001000000000000000001000100010100011001000010000000010001000101000110010000000000
00001010001000100100000000100000000010100010001001000000000000000001000100010100010101000010000000010001000101000101010000000000
00001010001000100100000011111000000010100010001001000000000000000001111000010100010101001111100000011110000101000101010000000000
00001010001000100100000000100000000010100010001001000000011100000001000000111110010011000010000000010000001111100100110001110000
00000100001000100100000000100000000001000010001001000000000000000001000000100010010011000010000000010000001000100100110000000000
00000100000111000111110000000000000001000001110001111100000000000001000000100010010001000000000000010000001000100100010000000000
00000000000000000000000000000000000000000000000000000000000000000000000000000000000000000000000000000000000000000000000000000000
00000000000000000000000000000000000000000000000000000000000000000000000000000000000000000000000000000000000000000000000000000000
00000000000000000000000000000000000000000000000000000000000000000000000000000000000000000000000000000000000000000000000000000000
00000000000000000000000000000000000000000000000000000000000000000000000000000000000000000000000000000000000000000000000000000000
00000000000000000000000000000000000000000000000000000000000000000000000000000000000000000000000000000000000000000000000000000000
00000000000000000000000000000000000000000000000000000000000000000000000000000000000000000000000000000000000000000000000000000000
00000000000000000000000000000000000000000000000000000000000000000000000000000000000000000000000000000000000000000000000000000000
00000000000000000000000000000000000000000000000000000000000000000000000000000000000000000000000000000000000000000000000000000000
00000000000000000000000000000000000000000000000000000000000000000000000000000000000000000000000000000000000000000000000000000000
00000000000000000000000000000000000000000000000000000000000000000000000000000000000000000000000000000000000000000000000000000000
00000000000000000000000000000000000000000000000000000000000000000000000000000000000000000000000000000000000000000000000000000000
00000000000000000000000000000000000000000000000000000000000000000000000000000000000000000000000000000000000000000000000000000000
00000000000000000000000000000000000000000000000000000000000000000000000000000000000000000000000000000000000000000000000000000000
00000000000000000000000000000000000000000000000000000000000000000000000000000000000000000000000000000000000000000000000000000000
00010001001111000111100000000000000100010011110001111000000000000000111000100010011111001000000000011110000111000011100011111000
00010001001000100100010000000000000100010010001001000100000000000001000100100010010000001000000000010001000010000100010010000000
00010101001000100100010000100000000101010010001001000100000000000001000000101010010000001000000000010001000010000100000010000000
00010101001000100100010000100000000101010010001001000100000000000000110000101010011111001000000000010001000010000011000011111000
00010101001111000111100011111000000101010011110001111000000000000000001000101010010000001000000000011110000010000000100010000000
00011011001001000100000000100000000110110010010001000000011100000000000100110110010000001000000000010010000010000000010010000000
00001010001001000100000000100000000010100010010001000000000000000001000100010100010000001000000000010010000010000100010010000000
00001010001000100100000000000000000010100010001001000000000000000000111000010100011111001111100000010001000111000011100011111000
00000000000000000000000000000000000000000000000000000000000000000000000000000000000000000000000000000000000000000000000000000000
00000000000000000000000000000000000000000000000000000000000000000000000000000000000000000000000000000000000000000000000000000000
00000000000000000000000000000000000000000000000000000000000000000000000000000000000000000000000000000000000000000000000000000000
00000000000000000000000000000000000000000000000000000000000000000000000000000000000000000000000000000000000000000000000000000000
00000000000000000000000000000000000000000000000000000000000000000000000000000000000000000000000000000000000000000000000000000000
00000000000000000000000000000000000000000000000000000000000000000000000000000000000000000000000000000000000000000000000000000000
00000000000000000000000000000000000000000000000000000000000000000000000000000000000000000000000000000000000000000000000000000000
00000000000000000000000000000000000000000000000000000000000000000000000000000000000000000000000000000000000000000000000000000000
00000000000000000000000000000000000000000000000000000000000000000000000000000000000000000000000000000000000000000000000000000000
